.Random.seed <-
c(403L, 131L, 1233926147L, 672393936L, 1411394066L, 651110948L, 
-136091957L, -732084678L, 905419602L, 1687578703L, 696093149L, 
470405889L, -753903932L, -265018199L, 783817465L, -958349410L, 
1839171228L, 1401477170L, 2006996074L, 1083617858L, -312048496L, 
1577190165L, -444738249L, -1512307456L, -34125589L, -482993373L, 
-1269421697L, 1391693016L, -259917450L, 1746038258L, 2081448346L, 
-2073474263L, 828398282L, 1501497628L, 2024331402L, 388397985L, 
-1603699659L, 1115297424L, 483752003L, 1008767771L, -235350436L, 
-592859580L, -334477492L, -2019032485L, 1671368945L, -255487153L, 
331627583L, 2116694278L, -1683605050L, -235246191L, -935770574L, 
-1727608816L, -1236644240L, 967762905L, -1350950483L, 559966801L, 
-250981821L, 763373448L, -1859816068L, -2016611872L, -115554150L, 
2105223154L, -252274544L, -858864752L, 702912510L, -1298164849L, 
4377045L, 1725076102L, 1552174926L, 663087492L, -1416301566L, 
925130641L, -1266735883L, -605045507L, 1414373345L, 1184772865L, 
1692760083L, -1638046937L, 1827977326L, 467711172L, -389345146L, 
-1094211069L, 1084868211L, -117868503L, -2122282488L, 55282139L, 
647608856L, 1819524311L, -1509695831L, -1490912424L, -1891114508L, 
-1666558671L, -670645915L, 2018628298L, 1560680705L, -620769481L, 
1223557931L, 1033378271L, -2112961279L, -1232619485L, 2110553465L, 
-1692886205L, -1381074914L, 280956377L, -1170599690L, 453685292L, 
-412189483L, -1784373818L, 1133736580L, 595387862L, 1488584024L, 
1930754661L, -2107822181L, 1384392669L, 969469441L, -1596497987L, 
1600484218L, 1059182431L, 702214738L, -307353085L, -567222164L, 
1333392856L, 619906717L, -170908076L, 1673481320L, -1548146061L, 
1372044853L, -1503316627L, 1642727514L, 2056356000L, 468614973L, 
1980706604L, 1803900838L, -1984657040L, 1799963906L, -2048908174L, 
-1313680498L, 68581784L, -1634640279L, -1872217123L, -561167227L, 
1124047088L, -2133578587L, 901627509L, 1268426319L, 528507619L, 
-646702439L, 339910421L, -1409407784L, -1957325841L, 493226774L, 
924612824L, -1757284280L, -1659920764L, 398110883L, -190871789L, 
-1321428193L, -37248613L, 987689258L, -383542455L, -1945660879L, 
964662417L, 1859772918L, 1566537763L, -156428082L, 337871660L, 
-123827063L, -1160479909L, -366136781L, -982769561L, 367953266L, 
-1890265672L, 293624012L, -161339372L, -1259522980L, 517725363L, 
-1584837858L, -1156567935L, -215383645L, 78133507L, -1441141001L, 
-2091913516L, 370377233L, -1970663292L, -978973051L, 55710206L, 
583676112L, 320997582L, 74690470L, -997041355L, 1054852725L, 
-151981285L, 1299499867L, 28066002L, 741229963L, -1877193798L, 
1714745740L, 26678583L, -788506232L, 95767149L, -1649481539L, 
-529758055L, 881453288L, -1781612535L, -1223116206L, -302405953L, 
562434201L, 2132863983L, -1343916248L, -1206877720L, 520633025L, 
-1271631359L, 1373969209L, -1820244763L, 1575544185L, -1585252931L, 
220039760L, 1306201464L, -91542245L, 1964336403L, -102406186L, 
-1003429985L, -1966344361L, -210277330L, 444365546L, 1589684093L, 
-632785721L, 1880685657L, 563657674L, -509075701L, -1360220911L, 
-2143927333L, -197365780L, 676584553L, 296056244L, 1406451612L, 
852454317L, 1771054601L, 1767758175L, 199852924L, -1734083982L, 
838183598L, 85560522L, -593683338L, 1825777254L, -2041552931L, 
226931927L, -72655050L, -1315587543L, -250585828L, 540271352L, 
624147892L, 723253527L, 132538996L, -84588947L, 1020784325L, 
1902411311L, 769487574L, 1205281380L, -871776320L, 879865065L, 
-1237689924L, 2071386093L, 1064483091L, -721689699L, -1016958793L, 
558329763L, -460254694L, 1486688892L, 1886646717L, 1205299154L, 
-1557449161L, 1964433553L, -520113492L, 1079556136L, 1863973072L, 
-896787169L, 561393841L, 2028550396L, 1741533493L, -2001030257L, 
-544654372L, 1559627828L, -1324385546L, 1243101055L, -221115853L, 
-407094762L, 503364016L, -1456139666L, -1913773029L, -194352935L, 
-23702515L, 1445101419L, 1220041946L, -1273087155L, -1291375836L, 
624200746L, -1586680481L, 1816709903L, -1682326293L, 1279806232L, 
-998945504L, 129734416L, -28098368L, 819690427L, 1280791338L, 
-223187075L, -516793004L, -267188470L, 1916166072L, -1524576086L, 
-2076624006L, 1833032928L, 1985317937L, -1703213286L, -2060841890L, 
413413613L, -2082092860L, 1935264340L, -204534511L, 1424769810L, 
-1785595986L, 1820039914L, 284836697L, 2012231208L, -1277761669L, 
-59604861L, -114394217L, -200259967L, -38175214L, 1857990807L, 
-1639776980L, 1743315539L, 50516180L, -66982339L, -31194925L, 
493644569L, -1810500444L, 1614631609L, 1938410582L, -1485972057L, 
1360908864L, 302730708L, 684042940L, -425373137L, 1759191647L, 
2013837659L, 721018267L, 1436133208L, 158471590L, 752383835L, 
-1839972234L, 1612042121L, 802105707L, -876040935L, 68990345L, 
-420327339L, 984893417L, 681062138L, -873784945L, -98621782L, 
-110366688L, 978813261L, -528731831L, 1826037013L, -1260968617L, 
-441753860L, 1490171363L, 139575087L, -581172132L, -704586870L, 
583643914L, -1201088166L, 343517860L, -1656253955L, -567824925L, 
2028593262L, -577493854L, 670363845L, -1161817433L, -2106849358L, 
1494996686L, 514914901L, -1885914134L, -2115523304L, 1185305251L, 
1458018823L, 2083890348L, 1483170864L, 2038980916L, -1943058084L, 
288827592L, 1994474181L, -1385954128L, -2035544349L, 358376284L, 
-842408399L, 1944986312L, 2000973939L, -2109990638L, 1759846889L, 
-2126142209L, 257062220L, -156444002L, -1557747229L, -1808595890L, 
1970521550L, -1132394638L, 1946776820L, 222714966L, -2090604158L, 
-1433302305L, 1098636174L, -868982929L, 266241485L, 56978685L, 
44792236L, 1385628997L, 1540592276L, 1897004093L, -1936700422L, 
-1010440102L, -752949087L, -775980705L, -245921960L, 2111157348L, 
-228628448L, -210753200L, -927237403L, 1448419049L, 65817731L, 
1247591025L, -171321152L, 1257061088L, -1992864902L, -984865897L, 
-669072084L, -1150704080L, 1634640659L, -1033932674L, 1279763263L, 
-50988663L, -1391749122L, 1246899758L, 733201705L, -464181756L, 
2086707903L, 1944495671L, -1398721730L, 395180511L, -975272416L, 
125850057L, 810395191L, 259892751L, -1521868055L, 767554659L, 
-460143928L, 717105290L, 6143686L, -1604597075L, 1949453220L, 
-1891237719L, -1410009705L, -1237628754L, 1067167221L, 1982970333L, 
1641737382L, 343384957L, 673330244L, 1699327728L, 711214369L, 
927136091L, 267394153L, -95454880L, 1634679048L, -2011882128L, 
2023815675L, -1820406536L, 501492728L, 225075854L, -287965240L, 
-1006193212L, 776582309L, 1500823704L, -1776522290L, -1187065566L, 
1287811947L, 322728016L, 930949223L, 918838666L, -628319106L, 
111150945L, 1466743001L, 1529075845L, -152778979L, 368752779L, 
-651239275L, -146093760L, -844609983L, -2083918808L, 1636370707L, 
-644761851L, 1151003699L, -617471686L, 996556811L, 2048748364L, 
452936092L, 1401375488L, -1182630024L, 1443327161L, 1102423166L, 
318804862L, -587981958L, -1155547041L, 2104290446L, -541667026L, 
1895036275L, -1629823223L, -1134949097L, -1142187424L, -49373621L, 
1837106619L, 401426321L, 930534605L, -237055270L, 438079618L, 
1215899141L, -1187182761L, 1061980968L, -758560974L, 1618599319L, 
927731821L, 812441170L, 2008444415L, -983767078L, -954835536L, 
1849733067L, 996888054L, 1988591364L, 148387234L, -1151663215L, 
74335033L, -1815515203L, 529008220L, 538135882L, -1988941517L, 
856505610L, 1828224522L, -296884254L, -1768830730L, 1141711173L, 
668846214L, 674964368L, 1808671260L, 1072275446L, -2057390407L, 
-165223172L, 1761606782L, 898414890L, 1395160129L, -1309355878L, 
-816667607L, -332805853L, -283646752L, -1629400695L, -652963919L, 
1637255469L, -2135558863L, 1895578386L, -835769065L, 46098236L, 
1747589780L, 1704448024L, 878432496L, -1784624238L, 1052570479L, 
-605013587L, -343932629L, -277413831L, 219280212L, -590644199L, 
1078404852L, 325317567L, -1499018390L, 834585303L, 1374773273L, 
-1132767498L, -1593212582L, 6993566L, -1108898865L, -1319817357L, 
-1388838574L, -704579336L, 817631311L, 1887369305L, -1854833978L, 
2085257689L, -72913765L, -887752624L, 711170926L, -197990964L, 
-1343855897L, 1548595785L, -880575673L, -653933911L, -479832356L, 
